$ANSIBLE_VAULT;1.1;AES256
63333865663732663462363532333963313662306136313763366662333861376635623735376335
3233653462613034666334383063353161626231663936390a393730383534643363333530323236
65343933393133373832313565633637393030643161366338396132356235373062643862343964
3564373161666564390a383063303935376661373462323331366663643266323865303832313530
39656636396536653436643334623232613131613662313730653763383266616231623632333964
38393164303032633565653263303835663935636661643762393131646165356538383866343735
30653263323765616135616436366562626665666337346337326639396663393336366533656230
35643336663031333230336233356430616162633562333164393864383266656631306331646637
31613266393835363433356532346330386531643731373261316533636466666463306365636666
34353266363737633666373061346334356138386232333332383566303963326638353935393133
34303735336264346334343037653239363535333033303363303862373734323466303832303033
65383238383363383235623966383033343862313765313936636137643732373933666662386263
35313762323666323066663330646438363165643561616631356163643833346261323032333761
61353238336636666463393434393033386264393138303231613366373535343061313734363430
61363236663663663334373038636163323938366330653733333937666639656637643431346635
35333564343565396161366663383130653666303465643132303962653239366164623836326261
39316534346436333234616237383933363439376161323839636531356335326464666136393163
33303766343564323233623765646632663639623636323239383231363430663361383433393338
39326130663231656431653331396234373436363563646531636639373639333632666439623566
63346632626138393635363236303462316238666364303666643233643133363139663430316465
32633065363635363237613733626430383639383530363262643132303435666362666362383831
30363437663434656534386333306432303434623830356566323836636336363831613761303631
34346461363139383632323965326437383134383631646137623636353638653831383137386336
39633236643731393165323539353333306164643065386137633463666437626330633663346365
38333931333337353739633331303531336135653463336431633834353731363065636339303531
66326135313530636333353537386431306232353664303837656437393965343839303064333330
63363230383664373434303165343164306365653562313137356566663336326635336561646164
63666234326566373431316330616534363731313261386166623230306665393263616662653030
64353039663937376265323730363862323364373866396166313330646665313961333437646131
65303636343331643364333833633263313034616634643562633932383265303564336339613465
33656363336435386263303632373731376139666564356663626535396562366266646435636265
61633538633635636637346639373934326662626338613132366236636563393833626262366161
36643636643831363135633737363831653133373335393935613663373234306133386563393362
37393331303761623261313164326262313235346633346230626233313834656466653632663438
63383231386637366563616631366466306231643436623236613834343330346639383164636538
31323434383831656166336265353363353039626430636334636561663336666539323032396230
39333564643230643532373962643734376234663766616231333863343235333161366661386164
64613561316165653562623264633535306134666237383939336533393130313263376362626233
37646662313035323961326663663165306637656537373639616265353038343565336434383661
38613039316361616637363630623037336362353237663938646330343864643332373164333664
39316134643063623665336332363661386138323736303635326535643862333066633635343438
36376530363330613661616137646331643230333838336338663930633437373032313863326465
34313037666161386334353236306336383334626436333230303937663864376138386536363736
36396561613739666662323536376666353334656139353661343861636466373364353537636534
38363830303232313431633964386366343230323034623737666130303736333138333138333162
63373935393965386566643438346465616161373733336239363036343139623561333464366563
37313061333731383934623161616339316662323834386136306166316365383139336332636139
64386236363464333831393339636162626334326262653362363737356166343439633963613930
36646362643636663166616638623865383266326665643835303739626133373431373861653136
34656261303831316338366235366135633662333033643037376438326430353531373666373531
64303163336633396330636165393233366330633166346131323566363433313062613663633166
61346561383332646134646136643439306166643332396563373938613061646162616262366265
39613238316363353566666662353035383665653661363964306437336534333035666634666566
65333366343931643562333764323464616433623266636364323931373565306432666231666636
34643965626138346334623561343439353965613235383038653532336132383230393466353234
32336237383333616134656131636462363437383066396332636136306561393534613738323265
64356162393730393139346334376630346238316433623034643637336438353735356637356239
37303866653565633533646663383334333433383030663530303935333461316533393337363462
35346566323732373062316232356561666330343837323064623733663861633031626466366334
33343135663932323634613637363261633738616333346239633563643138623631353134316165
33616437353666346161636661633562666334336665626161666438363931336631386234643665
37353931346637366331353962623965333632343165633232643736313236373836643332363232
65333133313463643863326665356632643465623363623337623730333362653439316630383363
31326632623364636432643236616236316330333433616161356166656435326166366132343531
38346263613533663534333730633338376163313334653863663438383565333265646333316162
37386131623336333262323939386332656230303261623132366235386465376262373765663461
35616365656165376538386633313734613539646561616366663966343134656335386131646365
39616264336432613531386463646634646133323737353631333336656630363165393235386238
39653466623964616335333763303330376563326131373264343865613662666265306162343438
63363865653566666233303063323362656463373531323534326666356535383231323838636235
30383636363765346265626134623362386536303961363732646338643230396463613639356166
35346264613638326232356635363032376331613032643461626364613962356363613137353362
36386263653239353038373931616561626535633239373064323337363464646634616339383865
36343237616333343238366261373839656532643934633466663730663939663632363166313538
34363039653835303630383531393463343335303931666331303735316637363234323133373166
33616131363966383664376462363231613065653432303663646666326632353236306366646139
63323332386463623739373438353263663437666364653863633233343035663539653038343534
34336631356138393166393962313534646439656337663663393630333563616665313338633233
30373864306466373161646236643034656263336262623536623564393961363738393430346138
66346536643338316432373738373433336433636233613934633063323965386533313465636438
35353065303939363533373630663436323035663061303138383465366265323734326466336532
35303466323363316262303661386466343731653733646662613634626630373535376330666337
33623631646535613239326136356333366262636462326464363062303933636232663031353864
62313432633535306339653330376164393562653463653532343164386331383163326239373632
39656630316166653763643739313039336238656132383236393135643433376563336432636337
61666136356561633132623730656532303731373635623536616261666461333262633734356366
63383530396266333561353661636134306230643333623464636664363636373765383963386336
32396235643132373766333133633138343333326565646637653363313131376238346263313562
65363431623936326662373063616630636632623339663938636634393933313632353731383533
35306338306135363234623365626536323538306138326237663132633231393537326636396565
66383232616136663338613466363036346339656530373931343066646633346631336333386330
30313366663266313632393964356139313066646363313065663134653665363563306637363532
33663636383239393532303536646561386131366162393961646661393263343339366237376563
33313535356136306365623436396134333865653361653439366434626539333362373363336431
37663935326130316237383238383466656361636161623961333737653238316666376562653962
31656335333137363763383265636536633237613361333264656434373666363962356165626665
64376461333337313539663331386233643665666566613835643366393565376539663535366234
61323932643330653038323363303764646338656165313934626534336461396564623163633232
30393266313634333731323036333230376163366235323464353231393765386438626463306165
36356139353935643331613033626630326661333666313835313264336330343530623134373434
33613239626638623866366366376636313062353135343964633362393339663364333562663565
64656234356137356565373537613937343338386564653666313865376332653433346564343961
36646138393731326436353034353931343935383764303738633665633862663366363762303935
32663235653235623138383961383038643862396565333534633432336136353338666132313662
65333239623261633534636362313433373938306137383165616565643035363465633736363666
39346564313430623535363938396162373366396564653136666665346162656535616562643866
33333062383232663839353638383862343831616330616130366139333737643439346336316336
32383261383565613764396333393565636565383935633532666538663039656132636537323830
37343338623834373831323437336165376631626364653734326133613433373439303262386366
66626133373935313435356533323263316638323232326565323036326438373239333563313064
32313836653730363332333765633565656163303232373562613037633239633233366339643631
64663233383231613164326434613763623939396338383637383830613365326561343163653437
34656666653766633936333866386435323437633239383438626437623566333066336133363534
64356364303937616163616538303239646130646262623363653861376631626333396265623732
37396636636663343739303833616138666666666262373334346438666438336531306539613063
38656337303039396539633663663731383236633132363439643433616638623332376662656636
65646435343662613334613566383066623339303135353832366163616462346233306139336235
33326661613261623163346162373735343034373666653538366430356638366366633961383366
36336264346337333236306563383264323263393761303666613533636131376561383164386333
63386133643035366335376431303633613231393031623139333733393530306131333232363333
65373933333964346664303334313335366430393436306561353166366337306135363838393139
33623134333133353939343737333139646532363732383863316338653461663630396133643230
66663566646633613562653637643863633934393963653834393534386238343435383661326666
34366635356263343133353239306164643564356535353362376335613361646464383037356363
64316637646137336532333137363537393264643130376261303639313437643032666230623938
62646566373134643536343738643163393036313966346237376431343865313838663532666633
65643538613932303134623330353235376134393261636133643430303033313533613337363135
62376661633062396662663063383165343764316132383761333062326462616332383132653937
37663030333132333761663563643331383339646565323665393661343262336338343064346238
35646632643561326163353337356363663439646534663738396630626632393438323831623036
61373863306462373838383935393865316139623438653664386139383339666664633131393039
65633038656164363664336434626538653761366264333831623137646136343761653263656665
61646238653165343132396232616165643865393637666533316332306438306636656162353762
64356334663031323232376535383337306431336537323165643138356531326234356635666336
623739646561633865303038623735393437
