$ANSIBLE_VAULT;1.1;AES256
63313465636534623833303232376233396639343239643239366564363063643730313735383465
3062643365336439333237316663386330643239666463320a386164643466633861373265383363
34346461663463316561636339313132616233323462333766656564336166326461383363373037
6439373965613832330a346264653833323832333263663232323532636161396234393537316162
61396631393233393065343561386239336436343466313239666436346433613966623733346334
35396636306132663764633937366462313836386361656230613532613366383531303265643636
30373432313237643662383963353838663362626363313364386638326635333165343930393764
38373632316562393337343736386334376562636531623966386332303739363962303863333762
37616439643230663337366661303236353264643638363039616364306365303235376133623864
36633935663633363566613262313663383666376131343734643065396337333064636635303563
38383639373564356363373638383630366331336266336638326237376466646431636239313033
36373065396435356531383233616566613636323330383461306364633264613362343038383364
35303930613539363564663639643937336339343130653731666235623134356639656638366561
39656133366666616366343565643438393533333563623864333730303636393331653937653038
34303663303730336336386363306464633639653561316335383462306634333831356361653866
36373938653230643838643961333762373763616364313931653436363239653131613635373166
34386664303264373764343238383235356461323766303066366535383634666131313431626466
61633762363139653231626530376438313761393233636235373136623039626439303230663765
33396263363937323766313764626264343365333764616132633863383463383663346234666561
37623564663061393935633732653761396539343461396633343534626639363139633533653133
36646266393034643831613866356330646131396561653362643132386463396334353062333636
63666462366537353937336163623964346262626661646566636431326363346330663965303838
37396239356238316533356234376232656635313163303764626431613334613733326136303862
61343766626663313035356235306162303962623038353933656462643134383466633234343238
31663866333534383634366633303961613265383539663933333435326632396232
