$ANSIBLE_VAULT;1.1;AES256
65366462393534353037623534643832616433653031666235653464613963653366633037396439
6366633038303463353562636561643066356239356261320a643839633537623731363562336230
38386235386434303138366338373930353961646563626638626339336561303031666361373736
3161363339656166380a653531636335663431653833663864323331343732306665386139336437
34353138393831656337626666356438363930333933313036633634343963636563656163663536
32623739316337386233356139343832336462653063633939343864303164343236373463396536
35326636373131343135333461633336666466636539616337356231633338316135366661383464
66623438393932313331643735393663373836376166373237366365353935376664623063373962
63633235396665383433656130666136636230303038653561333465656337336531653861656333
38363135646334326439333130323439623031613635653137636535653461316430346432646265
39643436666638356562333861656335396536303965326434636539303336313131343738366264
66353335616361333466346462323163383564653433326237356235346565336361666134323364
61373833363031363931653330373937656239353263356536666135646433333233636366333431
62616265356162623061323462663861376562643733323035383435353864353935396135636165
37346561316263656531633731343562636663386563636664656632376334376630663331313265
38643164366536653530356439343934393361393961343437613631313562366633393938343932
30633335363662376364343936356136393964643236653437303335643335306466393262326162
31336265636239363566653239356330303437623666643139633164303630663462393632396666
64613834313664636235313134396531373235636338633964633732333830356131663632336364
31333231636263303431636266396333616137313835326564326431613038653439343431396139
34393038616333333132336261333063366562653666346465343431333735653138333036353935
65376634363935346436653361363831336336306537666634313036636535343733376232656236
63333164376161323461623466376531366266646130313635346532333566636330326565313631
66613539343361303131666161346632633762373366303361346337306332653638323937323137
64633966326235396361376365646334633131623465333334656538643232313030
